{
  "description": "\u6bcf\u5e27\u53cc\u76ee\u6444\u50cf\u5934\u4e16\u754c\u5750\u6807->\u6444\u50cf\u5934\u5750\u6807\u53d8\u6362\uff08OpenCV\u7ea6\u5b9a\uff1aX\u53f3Y\u4e0bZ\u524d\uff09",
  "convention": "X_cam = R @ X_world + t",
  "total_frames": 24,
  "frames": [
    {
      "angle_deg": 0,
      "left_image": "left_000.png",
      "right_image": "right_000.png",
      "left_pose": {
        "R": [
          1.0,
          0.0,
          0.0,
          0.0,
          4.371138828673793e-08,
          -1.0,
          0.0,
          1.0,
          4.371138828673793e-08
        ],
        "t": [
          0.10000000149011612,
          2.0,
          -8.742277657347586e-08
        ]
      },
      "right_pose": {
        "R": [
          1.0,
          0.0,
          0.0,
          0.0,
          4.371138828673793e-08,
          -1.0,
          0.0,
          1.0,
          4.371138828673793e-08
        ],
        "t": [
          -0.10000000149011612,
          2.0,
          -8.742277657347586e-08
        ]
      }
    },
    {
      "angle_deg": 15,
      "left_image": "left_015.png",
      "right_image": "right_015.png",
      "left_pose": {
        "R": [
          0.9659258723258972,
          0.2588190734386444,
          0.0,
          -1.1313340486651668e-08,
          4.222196281489232e-08,
          -1.0,
          -0.2588190734386444,
          0.9659258723258972,
          4.371139183945161e-08
        ],
        "t": [
          0.10000000149011612,
          2.0,
          -8.754432911928234e-08
        ]
      },
      "right_pose": {
        "R": [
          0.9659258723258972,
          0.2588190734386444,
          0.0,
          -1.1313340486651668e-08,
          4.222196281489232e-08,
          -1.0,
          -0.2588190734386444,
          0.9659258723258972,
          4.371139183945161e-08
        ],
        "t": [
          -0.10000000149011612,
          2.0,
          -8.568168397005138e-08
        ]
      }
    },
    {
      "angle_deg": 30,
      "left_image": "left_030.png",
      "right_image": "right_030.png",
      "left_pose": {
        "R": [
          0.8660253882408142,
          0.5,
          0.0,
          -2.1855694143368964e-08,
          3.785517321830412e-08,
          -1.0,
          -0.5,
          0.8660253882408142,
          4.371138828673793e-08
        ],
        "t": [
          0.09999999403953552,
          2.0,
          -8.568167686462402e-08
        ]
      },
      "right_pose": {
        "R": [
          0.8660253882408142,
          0.5,
          0.0,
          -2.1855694143368964e-08,
          3.785517321830412e-08,
          -1.0,
          -0.5,
          0.8660253882408142,
          4.371138828673793e-08
        ],
        "t": [
          -0.09999999403953552,
          2.0,
          -8.568167686462402e-08
        ]
      }
    },
    {
      "angle_deg": 45,
      "left_image": "left_045.png",
      "right_image": "right_045.png",
      "left_pose": {
        "R": [
          0.7071068286895752,
          0.7071068286895752,
          0.0,
          -3.090862321641907e-08,
          3.090862321641907e-08,
          -1.0,
          -0.7071068286895752,
          0.7071068286895752,
          4.371139183945161e-08
        ],
        "t": [
          0.10000000894069672,
          2.0,
          -8.568168397005138e-08
        ]
      },
      "right_pose": {
        "R": [
          0.7071068286895752,
          0.7071068286895752,
          0.0,
          -3.090862321641907e-08,
          3.090862321641907e-08,
          -1.0,
          -0.7071068286895752,
          0.7071068286895752,
          4.371139183945161e-08
        ],
        "t": [
          -0.10000000894069672,
          2.0,
          -8.568168397005138e-08
        ]
      }
    },
    {
      "angle_deg": 60,
      "left_image": "left_060.png",
      "right_image": "right_060.png",
      "left_pose": {
        "R": [
          0.4999999701976776,
          0.866025447845459,
          1.7763568394002505e-15,
          -3.785517321830412e-08,
          2.1855692367012125e-08,
          -1.0,
          -0.866025447845459,
          0.4999999701976776,
          4.371138828673793e-08
        ],
        "t": [
          0.10000000894069672,
          2.0,
          -8.568167686462402e-08
        ]
      },
      "right_pose": {
        "R": [
          0.4999999701976776,
          0.866025447845459,
          1.7763568394002505e-15,
          -3.785517321830412e-08,
          2.1855692367012125e-08,
          -1.0,
          -0.866025447845459,
          0.4999999701976776,
          4.371138828673793e-08
        ],
        "t": [
          -0.10000000894069672,
          2.0,
          -8.568167686462402e-08
        ]
      }
    },
    {
      "angle_deg": 75,
      "left_image": "left_075.png",
      "right_image": "right_075.png",
      "left_pose": {
        "R": [
          0.2588190734386444,
          0.9659258127212524,
          8.881784197001252e-16,
          -4.222195926217864e-08,
          1.1313341374830088e-08,
          -1.0,
          -0.9659258127212524,
          0.2588190734386444,
          4.371138828673793e-08
        ],
        "t": [
          0.09999999403953552,
          2.0,
          -8.568167686462402e-08
        ]
      },
      "right_pose": {
        "R": [
          0.2588190734386444,
          0.9659258127212524,
          8.881784197001252e-16,
          -4.222195926217864e-08,
          1.1313341374830088e-08,
          -1.0,
          -0.9659258127212524,
          0.2588190734386444,
          4.371138828673793e-08
        ],
        "t": [
          -0.09999999403953552,
          2.0,
          -8.754432201385498e-08
        ]
      }
    },
    {
      "angle_deg": 90,
      "left_image": "left_090.png",
      "right_image": "right_090.png",
      "left_pose": {
        "R": [
          -4.371138828673793e-08,
          1.0,
          0.0,
          -4.371138828673793e-08,
          -1.910685465164705e-15,
          -1.0,
          -1.0,
          -4.371138828673793e-08,
          4.371138828673793e-08
        ],
        "t": [
          0.10000000149011612,
          2.0,
          -8.742277657347586e-08
        ]
      },
      "right_pose": {
        "R": [
          -4.371138828673793e-08,
          1.0,
          0.0,
          -4.371138828673793e-08,
          -1.910685465164705e-15,
          -1.0,
          -1.0,
          -4.371138828673793e-08,
          4.371138828673793e-08
        ],
        "t": [
          -0.10000000149011612,
          2.0,
          -8.742277657347586e-08
        ]
      }
    },
    {
      "angle_deg": 105,
      "left_image": "left_105.png",
      "right_image": "right_105.png",
      "left_pose": {
        "R": [
          -0.2588190734386444,
          0.9659258723258972,
          0.0,
          -4.222196281489232e-08,
          -1.1313340486651668e-08,
          -1.0,
          -0.9659258723258972,
          -0.2588190734386444,
          4.371139183945161e-08
        ],
        "t": [
          0.10000000149011612,
          2.0,
          -8.754432911928234e-08
        ]
      },
      "right_pose": {
        "R": [
          -0.2588190734386444,
          0.9659258723258972,
          0.0,
          -4.222196281489232e-08,
          -1.1313340486651668e-08,
          -1.0,
          -0.9659258723258972,
          -0.2588190734386444,
          4.371139183945161e-08
        ],
        "t": [
          -0.10000000149011612,
          2.0,
          -8.568168397005138e-08
        ]
      }
    },
    {
      "angle_deg": 120,
      "left_image": "left_120.png",
      "right_image": "right_120.png",
      "left_pose": {
        "R": [
          -0.5000000596046448,
          0.8660253882408142,
          0.0,
          -3.785517321830412e-08,
          -2.1855695919725804e-08,
          -1.0,
          -0.8660253882408142,
          -0.5000000596046448,
          4.371138828673793e-08
        ],
        "t": [
          0.10000000149011612,
          2.0,
          -8.195638656616211e-08
        ]
      },
      "right_pose": {
        "R": [
          -0.5000000596046448,
          0.8660253882408142,
          0.0,
          -3.785517321830412e-08,
          -2.1855695919725804e-08,
          -1.0,
          -0.8660253882408142,
          -0.5000000596046448,
          4.371138828673793e-08
        ],
        "t": [
          -0.10000000149011612,
          2.0,
          -8.940696716308594e-08
        ]
      }
    },
    {
      "angle_deg": 135,
      "left_image": "left_135.png",
      "right_image": "right_135.png",
      "left_pose": {
        "R": [
          -0.7071068286895752,
          0.7071068286895752,
          0.0,
          -3.090862321641907e-08,
          -3.090862321641907e-08,
          -1.0,
          -0.7071068286895752,
          -0.7071068286895752,
          4.371139183945161e-08
        ],
        "t": [
          0.10000000894069672,
          2.0,
          -8.568168397005138e-08
        ]
      },
      "right_pose": {
        "R": [
          -0.7071068286895752,
          0.7071068286895752,
          0.0,
          -3.090862321641907e-08,
          -3.090862321641907e-08,
          -1.0,
          -0.7071068286895752,
          -0.7071068286895752,
          4.371139183945161e-08
        ],
        "t": [
          -0.10000000894069672,
          2.0,
          -8.568168397005138e-08
        ]
      }
    },
    {
      "angle_deg": 150,
      "left_image": "left_150.png",
      "right_image": "right_150.png",
      "left_pose": {
        "R": [
          -0.8660253882408142,
          0.5000000596046448,
          0.0,
          -2.1855695919725804e-08,
          -3.785517321830412e-08,
          -1.0,
          -0.5000000596046448,
          -0.8660253882408142,
          4.371138828673793e-08
        ],
        "t": [
          0.10000000149011612,
          2.0,
          -8.940696716308594e-08
        ]
      },
      "right_pose": {
        "R": [
          -0.8660253882408142,
          0.5000000596046448,
          0.0,
          -2.1855695919725804e-08,
          -3.785517321830412e-08,
          -1.0,
          -0.5000000596046448,
          -0.8660253882408142,
          4.371138828673793e-08
        ],
        "t": [
          -0.10000000149011612,
          2.0,
          -8.195638656616211e-08
        ]
      }
    },
    {
      "angle_deg": 165,
      "left_image": "left_165.png",
      "right_image": "right_165.png",
      "left_pose": {
        "R": [
          -0.9659258127212524,
          0.2588191330432892,
          0.0,
          -1.1313344039365347e-08,
          -4.222195926217864e-08,
          -1.0,
          -0.2588191330432892,
          -0.9659258127212524,
          4.371139183945161e-08
        ],
        "t": [
          0.10000000149011612,
          2.0,
          -8.754432201385498e-08
        ]
      },
      "right_pose": {
        "R": [
          -0.9659258127212524,
          0.2588191330432892,
          0.0,
          -1.1313344039365347e-08,
          -4.222195926217864e-08,
          -1.0,
          -0.2588191330432892,
          -0.9659258127212524,
          4.371139183945161e-08
        ],
        "t": [
          -0.10000000149011612,
          2.0,
          -8.568167686462402e-08
        ]
      }
    },
    {
      "angle_deg": 180,
      "left_image": "left_180.png",
      "right_image": "right_180.png",
      "left_pose": {
        "R": [
          -1.0,
          -8.742277657347586e-08,
          0.0,
          3.82137093032941e-15,
          -4.371138828673793e-08,
          -1.0,
          8.742277657347586e-08,
          -1.0,
          4.371138828673793e-08
        ],
        "t": [
          0.10000000149011612,
          2.0,
          -8.742277657347586e-08
        ]
      },
      "right_pose": {
        "R": [
          -1.0,
          -8.742277657347586e-08,
          0.0,
          3.82137093032941e-15,
          -4.371138828673793e-08,
          -1.0,
          8.742277657347586e-08,
          -1.0,
          4.371138828673793e-08
        ],
        "t": [
          -0.10000000149011612,
          2.0,
          -8.742277657347586e-08
        ]
      }
    },
    {
      "angle_deg": 195,
      "left_image": "left_195.png",
      "right_image": "right_195.png",
      "left_pose": {
        "R": [
          -0.9659258127212524,
          -0.2588190734386444,
          -8.881784197001252e-16,
          1.1313341374830088e-08,
          -4.222195926217864e-08,
          -1.0,
          0.2588190734386444,
          -0.9659258127212524,
          4.371138828673793e-08
        ],
        "t": [
          0.09999999403953552,
          2.0,
          -8.754432201385498e-08
        ]
      },
      "right_pose": {
        "R": [
          -0.9659258127212524,
          -0.2588190734386444,
          -8.881784197001252e-16,
          1.1313341374830088e-08,
          -4.222195926217864e-08,
          -1.0,
          0.2588190734386444,
          -0.9659258127212524,
          4.371138828673793e-08
        ],
        "t": [
          -0.09999999403953552,
          2.0,
          -8.568167686462402e-08
        ]
      }
    },
    {
      "angle_deg": 210,
      "left_image": "left_210.png",
      "right_image": "right_210.png",
      "left_pose": {
        "R": [
          -0.8660253882408142,
          -0.4999999701976776,
          0.0,
          2.1855692367012125e-08,
          -3.785517321830412e-08,
          -1.0,
          0.4999999701976776,
          -0.8660253882408142,
          4.371138473402425e-08
        ],
        "t": [
          0.09999999403953552,
          2.0,
          -8.568167686462402e-08
        ]
      },
      "right_pose": {
        "R": [
          -0.8660253882408142,
          -0.4999999701976776,
          0.0,
          2.1855692367012125e-08,
          -3.785517321830412e-08,
          -1.0,
          0.4999999701976776,
          -0.8660253882408142,
          4.371138473402425e-08
        ],
        "t": [
          -0.09999999403953552,
          2.0,
          -8.940696716308594e-08
        ]
      }
    },
    {
      "angle_deg": 225,
      "left_image": "left_225.png",
      "right_image": "right_225.png",
      "left_pose": {
        "R": [
          -0.7071068286895752,
          -0.7071067094802856,
          -1.7763568394002505e-15,
          3.0908616110991716e-08,
          -3.0908619663705394e-08,
          -1.0,
          0.7071067094802856,
          -0.7071068286895752,
          4.371138828673793e-08
        ],
        "t": [
          0.09999999403953552,
          2.0,
          -7.82310962677002e-08
        ]
      },
      "right_pose": {
        "R": [
          -0.7071068286895752,
          -0.7071067094802856,
          -1.7763568394002505e-15,
          3.0908616110991716e-08,
          -3.0908619663705394e-08,
          -1.0,
          0.7071067094802856,
          -0.7071068286895752,
          4.371138828673793e-08
        ],
        "t": [
          -0.09999999403953552,
          2.0,
          -8.568167686462402e-08
        ]
      }
    },
    {
      "angle_deg": 240,
      "left_image": "left_240.png",
      "right_image": "right_240.png",
      "left_pose": {
        "R": [
          -0.49999991059303284,
          -0.866025447845459,
          1.7763568394002505e-15,
          3.785517321830412e-08,
          -2.1855690590655286e-08,
          -1.0,
          0.866025447845459,
          -0.49999991059303284,
          4.371138828673793e-08
        ],
        "t": [
          0.10000000149011612,
          2.0,
          -8.940696716308594e-08
        ]
      },
      "right_pose": {
        "R": [
          -0.49999991059303284,
          -0.866025447845459,
          1.7763568394002505e-15,
          3.785517321830412e-08,
          -2.1855690590655286e-08,
          -1.0,
          0.866025447845459,
          -0.49999991059303284,
          4.371138828673793e-08
        ],
        "t": [
          -0.10000000149011612,
          2.0,
          -8.568167686462402e-08
        ]
      }
    },
    {
      "angle_deg": 255,
      "left_image": "left_255.png",
      "right_image": "right_255.png",
      "left_pose": {
        "R": [
          -0.25881898403167725,
          -0.9659258723258972,
          0.0,
          4.222195926217864e-08,
          -1.131333693393799e-08,
          -1.0,
          0.9659258723258972,
          -0.25881898403167725,
          4.371139183945161e-08
        ],
        "t": [
          0.10000000894069672,
          2.0,
          -8.568167686462402e-08
        ]
      },
      "right_pose": {
        "R": [
          -0.25881898403167725,
          -0.9659258723258972,
          0.0,
          4.222195926217864e-08,
          -1.131333693393799e-08,
          -1.0,
          0.9659258723258972,
          -0.25881898403167725,
          4.371139183945161e-08
        ],
        "t": [
          -0.10000000894069672,
          2.0,
          -8.754432201385498e-08
        ]
      }
    },
    {
      "angle_deg": 270,
      "left_image": "left_270.png",
      "right_image": "right_270.png",
      "left_pose": {
        "R": [
          1.1924880638503055e-08,
          -1.0,
          0.0,
          4.371138828673793e-08,
          5.212530643119821e-16,
          -1.0,
          1.0,
          1.1924880638503055e-08,
          4.371138828673793e-08
        ],
        "t": [
          0.10000000149011612,
          2.0,
          -8.742277657347586e-08
        ]
      },
      "right_pose": {
        "R": [
          1.1924880638503055e-08,
          -1.0,
          0.0,
          4.371138828673793e-08,
          5.212530643119821e-16,
          -1.0,
          1.0,
          1.1924880638503055e-08,
          4.371138828673793e-08
        ],
        "t": [
          -0.10000000149011612,
          2.0,
          -8.742277657347586e-08
        ]
      }
    },
    {
      "angle_deg": 285,
      "left_image": "left_285.png",
      "right_image": "right_285.png",
      "left_pose": {
        "R": [
          0.258819043636322,
          -0.9659258723258972,
          0.0,
          4.222196281489232e-08,
          1.1313339598473249e-08,
          -1.0,
          0.9659258723258972,
          0.258819043636322,
          4.371139183945161e-08
        ],
        "t": [
          0.10000000149011612,
          2.0,
          -8.568168397005138e-08
        ]
      },
      "right_pose": {
        "R": [
          0.258819043636322,
          -0.9659258723258972,
          0.0,
          4.222196281489232e-08,
          1.1313339598473249e-08,
          -1.0,
          0.9659258723258972,
          0.258819043636322,
          4.371139183945161e-08
        ],
        "t": [
          -0.10000000149011612,
          2.0,
          -8.568168397005138e-08
        ]
      }
    },
    {
      "angle_deg": 300,
      "left_image": "left_300.png",
      "right_image": "right_300.png",
      "left_pose": {
        "R": [
          0.49999991059303284,
          -0.866025447845459,
          -1.7763568394002505e-15,
          3.785517321830412e-08,
          2.1855690590655286e-08,
          -1.0,
          0.866025447845459,
          0.49999991059303284,
          4.371138828673793e-08
        ],
        "t": [
          0.10000000149011612,
          2.0,
          -8.568167686462402e-08
        ]
      },
      "right_pose": {
        "R": [
          0.49999991059303284,
          -0.866025447845459,
          -1.7763568394002505e-15,
          3.785517321830412e-08,
          2.1855690590655286e-08,
          -1.0,
          0.866025447845459,
          0.49999991059303284,
          4.371138828673793e-08
        ],
        "t": [
          -0.10000000149011612,
          2.0,
          -8.940696716308594e-08
        ]
      }
    },
    {
      "angle_deg": 315,
      "left_image": "left_315.png",
      "right_image": "right_315.png",
      "left_pose": {
        "R": [
          0.7071066498756409,
          -0.70710688829422,
          0.0,
          3.090862321641907e-08,
          3.090861255827804e-08,
          -1.0,
          0.70710688829422,
          0.7071066498756409,
          4.371138828673793e-08
        ],
        "t": [
          0.09999999403953552,
          2.0,
          -8.568167686462402e-08
        ]
      },
      "right_pose": {
        "R": [
          0.7071066498756409,
          -0.70710688829422,
          0.0,
          3.090862321641907e-08,
          3.090861255827804e-08,
          -1.0,
          0.70710688829422,
          0.7071066498756409,
          4.371138828673793e-08
        ],
        "t": [
          -0.09999999403953552,
          2.0,
          -8.568167686462402e-08
        ]
      }
    },
    {
      "angle_deg": 330,
      "left_image": "left_330.png",
      "right_image": "right_330.png",
      "left_pose": {
        "R": [
          0.8660253286361694,
          -0.5000001788139343,
          -1.7763568394002505e-15,
          2.1855701248796322e-08,
          3.785516966559044e-08,
          -1.0,
          0.5000001788139343,
          0.8660253286361694,
          4.371138828673793e-08
        ],
        "t": [
          0.10000000894069672,
          2.0,
          -8.940696716308594e-08
        ]
      },
      "right_pose": {
        "R": [
          0.8660253286361694,
          -0.5000001788139343,
          -1.7763568394002505e-15,
          2.1855701248796322e-08,
          3.785516966559044e-08,
          -1.0,
          0.5000001788139343,
          0.8660253286361694,
          4.371138828673793e-08
        ],
        "t": [
          -0.10000000894069672,
          2.0,
          -8.568167686462402e-08
        ]
      }
    },
    {
      "angle_deg": 345,
      "left_image": "left_345.png",
      "right_image": "right_345.png",
      "left_pose": {
        "R": [
          0.9659258723258972,
          -0.2588188350200653,
          8.881784197001252e-16,
          1.1313330716689052e-08,
          4.222195926217864e-08,
          -1.0,
          0.2588188350200653,
          0.9659258723258972,
          4.371138828673793e-08
        ],
        "t": [
          0.10000000149011612,
          2.0,
          -8.754432201385498e-08
        ]
      },
      "right_pose": {
        "R": [
          0.9659258723258972,
          -0.2588188350200653,
          8.881784197001252e-16,
          1.1313330716689052e-08,
          4.222195926217864e-08,
          -1.0,
          0.2588188350200653,
          0.9659258723258972,
          4.371138828673793e-08
        ],
        "t": [
          -0.10000000149011612,
          2.0,
          -8.568167686462402e-08
        ]
      }
    }
  ]
}